int maze[21][21] = 
{
   { 11, 6, 19, 10, 8, 2, 1, 15, 6, 2, 6, 9, 9, 4, 8, 6, 5, 6, 11, 7, 2 },
   { 2, 10, 1, 4, 20, 13, 7, 11, 16, 16, 11, 6, 8, 15, 14, 11, 4, 15, 15, 9, 8 },
   { 15, 13, 14, 2, 14, 20, 12, 16, 7, 16, 19, 15, 5, 11, 20, 9, 19, 3, 12, 16, 15 },
   { 16, 8, 4, 14, 19, 4, 15, 6, 7, 5, 13, 13, 14, 19, 18, 17, 16, 11, 3, 5, 3 },
   { 10, 7, 14, 15, 20, 12, 3, 1, 16, 17, 11, 20, 11, 6, 4, 13, 7, 17, 5, 18, 19 },
   { 7, 9, 15, 7, 6, 2, 3, 8, 9, 20, 19, 6, 11, 2, 12, 11, 1, 6, 3, 20, 3 },
   { 2, 11, 6, 4, 6, 19, 20, 3, 19, 13, 11, 19, 13, 15, 8, 18, 1, 3, 16, 20, 1 },
   { 4, 20, 17, 1, 9, 16, 8, 5, 15, 7, 6, 2, 14, 9, 13, 20, 4, 18, 13, 6, 12 },
   { 2, 2, 3, 8, 14, 2, 12, 1, 7, 4, 17, 18, 9, 2, 4, 6, 3, 14, 9, 11, 18 },
   { 20, 11, 9, 17, 19, 17, 1, 12, 10, 5, 11, 3, 7, 8, 6, 6, 17, 20, 20, 18, 4 },
   { 8, 8, 1, 14, 7, 11, 19, 8, 20, 15, 6, 7, 12, 20, 10, 1, 6, 16, 17, 14, 14 },
   { 16, 13, 3, 2, 5, 10, 2, 16, 9, 4, 5, 4, 2, 14, 1, 11, 15, 3, 1, 1, 6 },
   { 6, 19, 9, 18, 14, 6, 9, 19, 5, 12, 5, 17, 4, 17, 14, 17, 19, 18, 12, 9, 13 },
   { 5, 15, 20, 13, 4, 2, 12, 4, 5, 20, 13, 17, 15, 16, 6, 17, 6, 8, 6, 3, 8 },
   { 16, 13, 3, 11, 9, 12, 3, 15, 14, 16, 19, 5, 8, 7, 4, 2, 11, 17, 8, 17, 19 },
   { 14, 8, 7, 13, 6, 8, 20, 15, 15, 16, 20, 11, 2, 1, 15, 8, 1, 5, 1, 12, 7 },
   { 10, 20, 14, 2, 11, 3, 6, 7, 12, 10, 8, 13, 8, 8, 4, 9, 6, 4, 7, 3, 3 },
   { 6, 17, 10, 5, 20, 1, 16, 10, 16, 19, 1, 2, 7, 19, 5, 19, 2, 11, 14, 17, 15 },
   { 7, 4, 9, 17, 20, 12, 10, 2, 1, 3, 12, 6, 3, 10, 10, 14, 5, 18, 13, 2, 4 },
   { 10, 13, 20, 5, 15, 2, 3, 1, 15, 11, 17, 15, 4, 3, 6, 14, 19, 6, 17, 16, 6 },
   { 3, 14, 14, 13, 13, 20, 10, 12, 9, 5, 5, 12, 16, 6, 5, 8, 18, 18, 5, 16, 13 }
};

