int A[80][80] = 
{
   { 46, 44, 47, 28, 61, 41, 6, 1, 79, 56, 45, 24, 58, 77, 14, 24, 72, 21, 58, 49, 42, 33, 14, 2, 2, 33, 23, 23, 7, 4, 5, 52, 47, 51, 55, 3, 12, 35, 57, 66, 11, 22, 64, 68, 73, 78, 66, 41, 73, 20, 10, 36, 52, 77, 12, 29, 5, 10, 51, 11, 67, 55, 38, 34, 1, 13, 11, 67, 47, 68, 53, 33, 64, 12, 21, 33, 64, 8, 73, 58 },
   { 27, 57, 68, 53, 54, 54, 2, 59, 63, 53, 44, 50, 3, 2, 58, 4, 68, 44, 45, 36, 7, 18, 43, 45, 4, 63, 77, 68, 45, 70, 46, 46, 22, 9, 20, 51, 62, 75, 5, 21, 48, 48, 45, 26, 50, 78, 4, 38, 17, 48, 48, 23, 40, 11, 42, 43, 49, 40, 31, 68, 5, 51, 35, 27, 34, 29, 77, 71, 24, 2, 12, 47, 49, 31, 47, 73, 4, 50, 7, 20 },
   { 18, 54, 17, 32, 40, 59, 74, 63, 73, 1, 51, 77, 51, 60, 78, 6, 9, 50, 76, 8, 51, 62, 29, 75, 67, 75, 43, 71, 45, 49, 65, 37, 78, 57, 68, 13, 11, 37, 75, 4, 37, 21, 55, 63, 2, 29, 43, 64, 78, 39, 71, 25, 75, 20, 20, 62, 15, 37, 28, 34, 7, 68, 45, 59, 20, 8, 71, 30, 45, 66, 8, 56, 61, 37, 14, 62, 65, 56, 47, 64 },
   { 69, 13, 63, 64, 8, 3, 22, 76, 39, 24, 31, 20, 66, 75, 78, 6, 58, 69, 35, 23, 30, 42, 53, 12, 54, 42, 48, 39, 18, 69, 77, 62, 3, 60, 21, 64, 37, 17, 60, 51, 41, 65, 70, 27, 36, 44, 33, 14, 33, 42, 11, 38, 5, 63, 24, 33, 79, 46, 71, 18, 36, 69, 54, 13, 24, 74, 76, 61, 12, 56, 32, 52, 17, 76, 53, 52, 40, 60, 65, 48 },
   { 23, 75, 60, 2, 33, 4, 34, 33, 49, 25, 25, 59, 68, 78, 71, 13, 72, 67, 48, 58, 19, 54, 5, 35, 50, 58, 7, 65, 38, 46, 33, 60, 41, 67, 36, 48, 45, 69, 55, 68, 69, 79, 48, 57, 52, 39, 44, 20, 2, 66, 77, 20, 40, 3, 29, 65, 35, 10, 50, 47, 55, 57, 3, 16, 44, 38, 38, 9, 28, 14, 76, 17, 13, 44, 48, 40, 58, 13, 59, 59 },
   { 78, 56, 53, 14, 33, 2, 78, 67, 11, 48, 35, 40, 79, 37, 30, 43, 49, 67, 26, 76, 1, 22, 67, 68, 41, 36, 28, 73, 23, 61, 52, 75, 37, 79, 9, 45, 55, 7, 32, 40, 29, 41, 79, 28, 52, 29, 45, 22, 16, 70, 72, 71, 67, 60, 34, 3, 16, 36, 75, 38, 17, 22, 33, 28, 75, 17, 72, 50, 77, 79, 10, 27, 15, 9, 29, 67, 12, 49, 63, 2 },
   { 14, 55, 72, 55, 35, 1, 32, 50, 36, 2, 62, 27, 23, 70, 55, 72, 7, 22, 42, 4, 21, 26, 5, 36, 9, 9, 77, 20, 57, 60, 22, 70, 35, 68, 21, 70, 69, 52, 15, 79, 54, 52, 27, 51, 42, 56, 44, 23, 77, 6, 1, 19, 32, 60, 29, 40, 68, 26, 35, 20, 6, 56, 64, 40, 19, 5, 5, 62, 57, 20, 37, 6, 46, 38, 56, 8, 14, 20, 5, 11 },
   { 1, 59, 4, 7, 39, 7, 46, 2, 32, 55, 21, 12, 6, 6, 27, 25, 64, 6, 61, 16, 79, 18, 21, 45, 55, 77, 27, 68, 71, 31, 54, 71, 11, 32, 77, 24, 39, 19, 26, 45, 73, 46, 32, 79, 26, 58, 78, 11, 38, 59, 26, 38, 77, 47, 3, 52, 44, 30, 16, 10, 35, 69, 2, 45, 75, 53, 69, 34, 71, 69, 54, 40, 35, 6, 14, 61, 38, 66, 71, 75 },
   { 45, 17, 8, 17, 38, 11, 44, 56, 15, 59, 66, 49, 23, 42, 69, 18, 15, 33, 27, 61, 22, 55, 75, 31, 60, 63, 12, 72, 49, 57, 42, 14, 49, 50, 6, 7, 35, 49, 38, 24, 28, 24, 47, 25, 65, 11, 17, 54, 43, 18, 10, 39, 72, 5, 45, 27, 67, 56, 73, 36, 9, 36, 25, 57, 60, 30, 38, 69, 78, 75, 13, 1, 73, 59, 25, 33, 45, 16, 8, 8 },
   { 34, 17, 22, 26, 76, 66, 28, 63, 17, 21, 74, 25, 31, 19, 56, 11, 23, 69, 54, 21, 64, 66, 75, 33, 21, 74, 65, 65, 10, 47, 47, 18, 39, 43, 44, 35, 4, 46, 72, 75, 66, 66, 74, 18, 59, 51, 3, 2, 40, 57, 76, 78, 18, 71, 31, 13, 65, 71, 52, 50, 13, 74, 67, 51, 12, 6, 60, 16, 51, 28, 11, 13, 68, 5, 5, 48, 30, 7, 24, 44 },
   { 38, 21, 43, 31, 12, 48, 18, 52, 14, 45, 22, 27, 39, 63, 52, 25, 69, 8, 40, 15, 35, 25, 27, 23, 5, 31, 45, 9, 13, 69, 53, 25, 10, 70, 30, 75, 38, 48, 22, 27, 67, 18, 53, 1, 2, 79, 25, 45, 7, 40, 59, 16, 64, 7, 14, 43, 12, 58, 52, 24, 22, 25, 24, 31, 69, 53, 2, 27, 21, 77, 28, 62, 16, 55, 62, 71, 55, 8, 36, 36 },
   { 47, 69, 52, 6, 75, 65, 24, 62, 18, 75, 60, 40, 74, 4, 45, 63, 57, 21, 64, 52, 19, 13, 35, 34, 67, 17, 79, 42, 78, 10, 53, 45, 78, 25, 26, 74, 64, 49, 31, 2, 19, 11, 41, 13, 15, 7, 75, 71, 2, 34, 18, 20, 46, 52, 28, 9, 44, 27, 25, 42, 36, 77, 62, 35, 22, 8, 4, 60, 31, 34, 62, 49, 44, 77, 61, 33, 58, 31, 24, 60 },
   { 64, 17, 79, 6, 43, 3, 68, 7, 29, 13, 24, 40, 65, 6, 49, 61, 67, 27, 42, 18, 60, 24, 66, 78, 75, 22, 32, 54, 52, 30, 34, 11, 21, 8, 70, 64, 10, 58, 70, 14, 46, 14, 28, 31, 73, 76, 12, 60, 23, 53, 77, 57, 51, 63, 30, 47, 59, 36, 75, 31, 41, 4, 17, 61, 11, 7, 45, 75, 40, 11, 63, 6, 24, 11, 11, 72, 7, 22, 52, 4 },
   { 50, 50, 60, 21, 8, 64, 42, 67, 21, 12, 72, 36, 15, 9, 17, 1, 70, 37, 75, 30, 47, 58, 10, 45, 68, 20, 37, 49, 41, 64, 52, 65, 9, 7, 61, 70, 45, 23, 32, 65, 10, 25, 21, 24, 8, 13, 24, 77, 49, 73, 2, 70, 26, 11, 10, 68, 30, 47, 37, 46, 31, 63, 31, 14, 44, 12, 4, 10, 10, 36, 49, 19, 60, 45, 17, 42, 57, 16, 15, 1 },
   { 9, 16, 45, 35, 2, 54, 77, 6, 75, 35, 51, 1, 72, 57, 14, 37, 43, 18, 21, 27, 53, 69, 20, 8, 34, 37, 49, 65, 52, 38, 40, 60, 54, 5, 69, 55, 34, 67, 35, 29, 76, 61, 5, 43, 38, 18, 54, 55, 35, 74, 3, 62, 39, 22, 44, 47, 33, 68, 8, 5, 26, 47, 40, 79, 27, 4, 29, 60, 45, 64, 63, 41, 20, 67, 59, 57, 6, 33, 32, 15 },
   { 3, 9, 52, 41, 6, 16, 62, 38, 4, 69, 43, 30, 37, 57, 4, 38, 60, 8, 18, 26, 46, 55, 41, 65, 18, 20, 42, 77, 53, 48, 12, 30, 32, 38, 45, 37, 29, 27, 74, 7, 17, 12, 36, 28, 68, 15, 65, 49, 22, 57, 49, 42, 32, 10, 27, 49, 30, 43, 46, 57, 65, 33, 7, 17, 45, 26, 28, 73, 52, 77, 1, 68, 9, 11, 16, 52, 25, 55, 75, 21 },
   { 32, 44, 62, 39, 28, 9, 62, 57, 26, 4, 9, 12, 36, 69, 3, 55, 15, 31, 49, 67, 28, 24, 30, 11, 34, 21, 37, 34, 75, 32, 29, 3, 50, 66, 41, 78, 49, 23, 30, 75, 26, 39, 7, 36, 3, 9, 12, 18, 14, 35, 59, 16, 58, 9, 27, 66, 4, 38, 20, 79, 70, 49, 2, 15, 35, 17, 67, 4, 14, 18, 53, 40, 31, 59, 50, 33, 43, 61, 25, 56 },
   { 70, 4, 72, 48, 67, 73, 35, 70, 31, 29, 44, 75, 52, 45, 65, 7, 36, 52, 65, 50, 69, 38, 64, 74, 72, 34, 3, 10, 70, 27, 40, 60, 6, 7, 4, 72, 79, 38, 37, 6, 41, 2, 55, 14, 21, 40, 74, 57, 13, 34, 27, 56, 47, 65, 51, 39, 19, 28, 23, 9, 54, 62, 44, 34, 69, 47, 26, 43, 59, 38, 48, 20, 39, 78, 8, 59, 38, 3, 11, 50 },
   { 36, 12, 2, 3, 76, 52, 16, 70, 79, 38, 53, 28, 21, 17, 62, 10, 38, 62, 52, 71, 74, 75, 66, 33, 48, 73, 67, 6, 75, 52, 31, 7, 64, 32, 9, 35, 58, 25, 25, 32, 62, 78, 34, 57, 15, 70, 41, 28, 53, 14, 19, 22, 63, 5, 55, 31, 78, 17, 11, 48, 68, 41, 54, 52, 47, 38, 62, 25, 62, 7, 31, 19, 5, 65, 51, 74, 55, 12, 22, 3 },
   { 79, 15, 25, 62, 20, 54, 67, 72, 70, 53, 15, 33, 68, 69, 60, 36, 27, 42, 35, 63, 48, 66, 56, 28, 26, 27, 22, 55, 39, 18, 58, 38, 7, 57, 75, 26, 31, 37, 72, 75, 10, 8, 28, 78, 51, 8, 34, 52, 24, 43, 10, 72, 29, 65, 74, 29, 67, 70, 5, 26, 8, 37, 38, 68, 14, 33, 15, 19, 45, 61, 68, 54, 43, 16, 52, 68, 78, 60, 40, 22 },
   { 24, 24, 68, 27, 64, 62, 31, 51, 27, 35, 51, 9, 71, 63, 77, 59, 71, 66, 77, 36, 47, 65, 10, 65, 55, 37, 53, 28, 71, 68, 25, 69, 12, 13, 17, 50, 50, 47, 21, 76, 56, 46, 6, 22, 30, 3, 1, 21, 68, 52, 31, 10, 12, 15, 74, 66, 51, 23, 69, 43, 11, 14, 32, 76, 1, 23, 47, 50, 44, 42, 22, 74, 9, 2, 16, 13, 58, 70, 8, 21 },
   { 42, 38, 30, 53, 52, 79, 15, 78, 22, 4, 16, 7, 17, 22, 3, 71, 20, 24, 42, 63, 66, 38, 33, 49, 14, 48, 36, 71, 39, 18, 12, 55, 30, 16, 29, 2, 69, 43, 54, 65, 21, 69, 71, 12, 66, 49, 3, 6, 72, 19, 43, 33, 31, 75, 56, 44, 19, 66, 10, 57, 4, 75, 32, 33, 12, 35, 10, 55, 52, 63, 41, 72, 28, 7, 58, 68, 55, 61, 73, 23 },
   { 54, 36, 30, 6, 7, 7, 24, 25, 72, 34, 56, 76, 29, 8, 4, 15, 18, 13, 70, 69, 51, 6, 37, 78, 12, 69, 66, 42, 50, 34, 64, 79, 44, 14, 59, 50, 74, 3, 74, 42, 36, 50, 13, 65, 33, 16, 79, 25, 29, 44, 14, 79, 49, 25, 52, 61, 15, 13, 23, 39, 46, 61, 38, 10, 74, 17, 35, 44, 74, 29, 6, 30, 54, 72, 15, 61, 8, 69, 6, 11 },
   { 33, 73, 10, 3, 19, 36, 38, 8, 48, 35, 46, 68, 16, 59, 78, 64, 50, 33, 28, 44, 36, 8, 74, 64, 79, 63, 45, 8, 27, 25, 72, 35, 19, 3, 12, 12, 13, 49, 19, 61, 4, 64, 49, 19, 18, 22, 57, 68, 29, 6, 7, 40, 67, 55, 24, 67, 39, 44, 49, 40, 68, 41, 74, 7, 18, 6, 18, 31, 29, 36, 66, 7, 75, 10, 25, 13, 32, 57, 55, 35 },
   { 62, 62, 49, 24, 37, 73, 65, 50, 37, 34, 65, 79, 50, 59, 61, 42, 40, 78, 47, 68, 10, 33, 75, 59, 43, 74, 46, 49, 51, 22, 58, 8, 58, 28, 32, 15, 75, 71, 40, 7, 26, 25, 6, 50, 58, 66, 12, 18, 40, 34, 61, 49, 66, 31, 3, 4, 79, 48, 52, 26, 44, 6, 8, 22, 33, 14, 12, 28, 6, 51, 34, 6, 50, 14, 30, 28, 1, 16, 21, 40 },
   { 49, 56, 63, 36, 61, 65, 39, 60, 8, 66, 60, 52, 71, 68, 73, 78, 56, 59, 1, 61, 30, 9, 41, 54, 22, 70, 57, 22, 7, 52, 36, 55, 28, 73, 65, 9, 58, 25, 43, 66, 65, 78, 38, 31, 41, 6, 4, 17, 65, 4, 53, 69, 12, 14, 19, 8, 59, 75, 30, 65, 47, 40, 15, 49, 34, 1, 57, 66, 25, 74, 27, 64, 72, 39, 15, 33, 20, 18, 50, 5 },
   { 75, 77, 48, 61, 65, 66, 68, 44, 36, 72, 4, 3, 33, 19, 26, 41, 19, 3, 2, 18, 52, 4, 2, 44, 42, 70, 52, 36, 62, 76, 40, 32, 73, 63, 13, 33, 49, 1, 77, 60, 73, 1, 62, 1, 73, 9, 41, 12, 65, 17, 4, 12, 20, 59, 31, 37, 24, 3, 72, 6, 53, 8, 37, 46, 70, 49, 53, 14, 25, 50, 73, 18, 26, 31, 18, 19, 14, 33, 6, 53 },
   { 24, 63, 65, 44, 43, 16, 55, 66, 72, 47, 47, 45, 54, 4, 65, 19, 28, 38, 33, 27, 9, 1, 44, 9, 31, 36, 2, 44, 43, 7, 18, 66, 70, 3, 5, 8, 72, 59, 73, 64, 2, 40, 29, 30, 19, 14, 49, 21, 26, 56, 47, 34, 56, 65, 17, 62, 75, 19, 26, 38, 25, 18, 78, 69, 74, 58, 76, 66, 37, 45, 25, 13, 5, 28, 18, 77, 16, 66, 18, 42 },
   { 17, 39, 50, 47, 24, 67, 29, 19, 6, 30, 31, 5, 47, 30, 49, 17, 8, 45, 3, 19, 10, 28, 7, 69, 55, 24, 66, 71, 64, 5, 8, 55, 18, 57, 22, 42, 44, 26, 35, 49, 55, 41, 29, 76, 45, 77, 13, 27, 42, 70, 45, 27, 72, 26, 16, 22, 49, 56, 67, 33, 35, 74, 8, 53, 52, 5, 69, 16, 30, 24, 40, 59, 39, 43, 30, 4, 40, 18, 30, 56 },
   { 62, 50, 57, 54, 75, 72, 75, 20, 24, 63, 52, 58, 32, 35, 31, 4, 14, 20, 74, 18, 19, 9, 51, 57, 51, 1, 61, 11, 72, 11, 41, 54, 60, 19, 3, 31, 65, 78, 50, 9, 36, 76, 67, 42, 6, 18, 46, 19, 13, 15, 11, 31, 23, 61, 8, 73, 37, 68, 58, 29, 54, 73, 58, 9, 12, 60, 14, 77, 33, 63, 60, 43, 35, 47, 6, 40, 40, 26, 34, 52 },
   { 40, 44, 3, 37, 26, 64, 5, 37, 28, 37, 40, 2, 30, 18, 64, 17, 53, 78, 14, 6, 36, 73, 24, 70, 16, 4, 31, 55, 29, 64, 2, 43, 3, 4, 54, 3, 67, 58, 39, 69, 69, 79, 70, 19, 71, 30, 35, 19, 28, 23, 79, 63, 71, 23, 54, 7, 26, 59, 36, 29, 18, 37, 46, 20, 15, 20, 23, 56, 52, 36, 46, 41, 10, 11, 34, 56, 40, 44, 74, 42 },
   { 66, 73, 1, 57, 70, 54, 38, 16, 8, 73, 19, 25, 5, 64, 19, 19, 4, 16, 75, 30, 52, 41, 70, 36, 26, 25, 12, 66, 68, 61, 28, 29, 29, 28, 61, 20, 56, 19, 35, 63, 67, 29, 62, 46, 13, 2, 65, 71, 17, 35, 21, 43, 50, 66, 54, 75, 65, 40, 61, 28, 21, 64, 56, 50, 12, 12, 69, 43, 6, 78, 1, 72, 2, 63, 38, 15, 39, 77, 60, 30 },
   { 32, 55, 73, 2, 41, 47, 52, 26, 7, 33, 28, 3, 17, 59, 52, 4, 70, 16, 21, 75, 68, 21, 42, 70, 58, 55, 59, 17, 52, 39, 47, 59, 14, 15, 35, 30, 36, 7, 30, 42, 15, 58, 19, 6, 37, 45, 63, 2, 60, 4, 77, 24, 79, 39, 68, 32, 68, 47, 24, 41, 60, 45, 74, 48, 59, 29, 77, 15, 11, 3, 31, 25, 60, 25, 5, 71, 69, 68, 47, 25 },
   { 46, 44, 48, 45, 58, 36, 77, 46, 57, 75, 61, 37, 40, 30, 59, 19, 34, 57, 8, 44, 34, 13, 43, 14, 37, 47, 59, 27, 10, 26, 51, 56, 45, 73, 75, 77, 4, 72, 18, 35, 67, 54, 46, 2, 4, 25, 20, 37, 56, 2, 1, 10, 15, 18, 77, 26, 65, 31, 27, 74, 32, 77, 25, 76, 45, 21, 48, 23, 67, 65, 57, 30, 39, 23, 31, 43, 23, 26, 79, 78 },
   { 27, 55, 9, 16, 72, 6, 42, 32, 12, 68, 2, 43, 41, 26, 39, 60, 46, 61, 4, 9, 46, 35, 38, 60, 33, 68, 77, 55, 14, 76, 53, 16, 26, 36, 31, 73, 17, 47, 25, 28, 11, 1, 70, 26, 27, 4, 6, 47, 64, 63, 55, 5, 19, 67, 64, 51, 56, 61, 1, 44, 33, 28, 59, 33, 64, 11, 26, 55, 57, 26, 3, 42, 26, 47, 67, 52, 50, 73, 74, 9 },
   { 56, 24, 13, 49, 12, 52, 74, 67, 8, 49, 31, 40, 77, 11, 73, 61, 75, 19, 11, 27, 19, 13, 69, 45, 34, 56, 17, 58, 24, 65, 66, 55, 10, 53, 24, 21, 79, 73, 62, 8, 42, 67, 47, 39, 52, 15, 74, 47, 9, 5, 49, 27, 71, 38, 71, 25, 14, 63, 57, 13, 48, 18, 67, 32, 71, 11, 52, 70, 58, 9, 77, 21, 51, 20, 34, 23, 34, 4, 45, 17 },
   { 8, 14, 44, 54, 26, 35, 53, 14, 72, 31, 26, 41, 48, 13, 47, 14, 78, 74, 5, 56, 3, 56, 51, 53, 50, 6, 51, 59, 63, 16, 75, 70, 29, 14, 44, 54, 49, 18, 67, 16, 23, 68, 31, 70, 1, 78, 5, 78, 72, 63, 55, 49, 14, 26, 23, 64, 6, 48, 18, 68, 63, 13, 34, 66, 27, 52, 15, 50, 44, 56, 40, 66, 44, 71, 32, 45, 69, 36, 43, 36 },
   { 73, 72, 5, 7, 73, 2, 45, 78, 49, 37, 42, 32, 50, 50, 72, 51, 22, 7, 75, 66, 63, 35, 27, 27, 26, 58, 46, 69, 68, 10, 25, 61, 56, 30, 43, 49, 31, 62, 23, 55, 20, 64, 61, 44, 34, 54, 15, 30, 60, 64, 70, 18, 19, 18, 20, 45, 50, 65, 9, 39, 49, 34, 74, 26, 38, 37, 74, 43, 20, 17, 18, 14, 55, 79, 57, 63, 53, 46, 14, 8 },
   { 30, 58, 26, 23, 50, 45, 67, 21, 5, 51, 34, 54, 5, 28, 79, 42, 65, 48, 5, 59, 40, 23, 47, 15, 76, 78, 78, 24, 44, 66, 31, 48, 19, 56, 70, 69, 75, 33, 64, 1, 4, 18, 29, 8, 45, 3, 24, 5, 50, 28, 38, 10, 25, 5, 79, 75, 3, 52, 19, 21, 38, 50, 68, 56, 1, 34, 20, 51, 66, 4, 26, 69, 21, 54, 51, 41, 56, 74, 45, 1 },
   { 76, 58, 65, 76, 62, 64, 71, 40, 36, 65, 35, 48, 10, 78, 78, 10, 32, 19, 35, 18, 76, 60, 61, 18, 34, 32, 33, 64, 1, 52, 40, 51, 30, 25, 47, 67, 63, 14, 2, 19, 78, 36, 41, 62, 34, 39, 71, 65, 32, 27, 57, 29, 61, 38, 21, 70, 44, 28, 29, 44, 79, 68, 16, 30, 67, 37, 17, 50, 50, 18, 43, 23, 28, 4, 5, 62, 18, 51, 22, 24 },
   { 52, 79, 27, 33, 12, 22, 23, 56, 49, 27, 74, 49, 15, 10, 53, 3, 47, 69, 27, 71, 61, 70, 69, 63, 48, 73, 20, 40, 19, 42, 64, 70, 16, 11, 78, 2, 33, 75, 57, 2, 22, 27, 25, 12, 36, 77, 14, 57, 41, 15, 49, 76, 5, 38, 60, 28, 6, 79, 67, 79, 16, 26, 69, 6, 12, 42, 8, 44, 13, 39, 20, 34, 65, 20, 45, 76, 17, 33, 53, 58 },
   { 23, 22, 29, 27, 34, 9, 29, 15, 63, 17, 14, 78, 42, 57, 5, 53, 20, 66, 71, 32, 25, 66, 40, 65, 6, 60, 61, 76, 67, 34, 29, 10, 31, 58, 12, 64, 41, 40, 78, 24, 31, 66, 23, 48, 44, 2, 75, 63, 67, 67, 69, 66, 28, 29, 51, 8, 63, 32, 58, 51, 66, 8, 60, 17, 40, 46, 55, 1, 7, 29, 25, 37, 15, 22, 5, 58, 77, 1, 41, 64 },
   { 42, 5, 50, 44, 34, 22, 51, 17, 28, 29, 42, 14, 11, 23, 5, 25, 43, 60, 26, 49, 9, 25, 61, 23, 21, 65, 2, 18, 40, 17, 56, 56, 76, 1, 20, 30, 76, 45, 21, 25, 49, 63, 38, 34, 60, 43, 59, 23, 23, 59, 47, 6, 58, 28, 3, 78, 67, 58, 70, 3, 75, 46, 58, 71, 46, 53, 75, 43, 72, 70, 67, 16, 28, 79, 50, 62, 42, 29, 6, 39 },
   { 62, 27, 19, 40, 54, 22, 38, 16, 79, 3, 18, 49, 48, 76, 15, 68, 24, 64, 6, 16, 55, 47, 32, 3, 47, 56, 65, 63, 59, 45, 77, 41, 46, 70, 1, 20, 12, 13, 35, 66, 15, 53, 35, 37, 24, 50, 25, 22, 9, 6, 12, 63, 52, 43, 41, 73, 73, 1, 32, 52, 20, 4, 13, 65, 73, 67, 59, 6, 79, 14, 71, 68, 41, 1, 25, 39, 25, 25, 60, 34 },
   { 30, 72, 71, 56, 10, 32, 25, 4, 7, 31, 55, 26, 34, 43, 65, 2, 30, 44, 7, 5, 58, 52, 72, 73, 28, 18, 33, 52, 17, 67, 60, 46, 34, 52, 76, 44, 58, 75, 22, 40, 26, 51, 65, 34, 68, 51, 36, 19, 69, 17, 23, 47, 44, 69, 16, 71, 7, 23, 18, 77, 10, 53, 18, 44, 79, 15, 62, 57, 64, 58, 71, 65, 29, 57, 19, 18, 3, 29, 11, 71 },
   { 46, 8, 14, 10, 76, 4, 55, 58, 26, 47, 55, 35, 74, 73, 53, 73, 62, 10, 26, 21, 67, 17, 6, 17, 48, 25, 9, 50, 53, 73, 17, 73, 1, 5, 57, 51, 8, 7, 4, 33, 29, 59, 42, 23, 27, 70, 17, 63, 79, 42, 4, 67, 33, 64, 58, 2, 9, 41, 26, 36, 34, 17, 5, 9, 21, 61, 59, 3, 68, 63, 10, 17, 17, 27, 14, 18, 17, 30, 55, 16 },
   { 46, 58, 57, 79, 42, 10, 55, 25, 50, 1, 36, 4, 18, 40, 12, 13, 75, 46, 70, 63, 4, 79, 54, 20, 26, 68, 12, 17, 72, 66, 8, 39, 19, 64, 13, 36, 74, 67, 60, 44, 42, 70, 23, 34, 5, 9, 47, 1, 54, 37, 38, 57, 11, 13, 51, 37, 55, 37, 28, 47, 23, 35, 60, 17, 20, 47, 52, 68, 9, 7, 32, 51, 77, 29, 5, 2, 38, 26, 2, 66 },
   { 62, 15, 19, 73, 27, 44, 5, 56, 2, 32, 77, 78, 67, 33, 15, 61, 79, 66, 49, 9, 73, 55, 59, 45, 5, 38, 21, 17, 64, 77, 57, 21, 12, 75, 68, 13, 15, 72, 68, 16, 79, 65, 68, 41, 18, 4, 22, 72, 44, 45, 1, 37, 20, 34, 56, 78, 71, 77, 15, 30, 74, 72, 51, 60, 42, 39, 72, 31, 7, 35, 46, 60, 74, 10, 21, 13, 13, 17, 59, 56 },
   { 61, 59, 68, 55, 67, 19, 54, 33, 70, 68, 63, 39, 35, 9, 19, 52, 22, 11, 3, 28, 20, 24, 8, 15, 33, 3, 2, 20, 19, 60, 50, 54, 14, 13, 30, 1, 7, 4, 8, 76, 46, 45, 36, 56, 53, 54, 28, 75, 40, 5, 77, 59, 3, 60, 48, 35, 62, 49, 29, 2, 29, 54, 55, 42, 41, 5, 17, 47, 62, 25, 44, 29, 69, 79, 5, 18, 28, 7, 13, 42 },
   { 65, 64, 76, 68, 44, 44, 77, 27, 14, 27, 3, 17, 55, 32, 59, 16, 12, 75, 63, 73, 20, 27, 22, 64, 1, 1, 2, 28, 7, 68, 45, 47, 52, 41, 35, 71, 59, 32, 18, 47, 33, 74, 64, 8, 26, 43, 24, 37, 13, 7, 31, 33, 8, 27, 71, 8, 28, 72, 10, 9, 60, 29, 55, 32, 44, 64, 23, 24, 17, 15, 70, 49, 63, 29, 57, 10, 46, 55, 21, 59 },
   { 61, 51, 66, 68, 53, 57, 50, 55, 49, 34, 38, 29, 63, 68, 35, 27, 52, 33, 50, 68, 22, 16, 13, 6, 19, 69, 15, 65, 44, 35, 44, 79, 61, 30, 42, 9, 7, 66, 63, 30, 20, 21, 33, 3, 63, 67, 30, 36, 74, 54, 24, 17, 44, 36, 22, 63, 79, 36, 23, 18, 45, 66, 17, 1, 70, 33, 63, 51, 19, 46, 1, 39, 42, 8, 41, 25, 74, 45, 35, 69 },
   { 74, 59, 6, 13, 69, 2, 50, 44, 12, 72, 61, 31, 33, 53, 32, 23, 6, 69, 48, 25, 11, 23, 63, 52, 30, 78, 51, 79, 19, 7, 68, 13, 40, 48, 79, 4, 24, 50, 47, 35, 42, 4, 65, 50, 56, 71, 47, 36, 61, 16, 60, 71, 38, 18, 18, 68, 71, 68, 67, 10, 49, 30, 76, 63, 52, 75, 42, 75, 20, 63, 30, 37, 66, 69, 7, 17, 61, 53, 53, 42 },
   { 68, 8, 8, 2, 26, 25, 44, 17, 67, 6, 1, 12, 10, 76, 49, 61, 46, 11, 31, 66, 74, 35, 77, 35, 24, 4, 27, 59, 31, 79, 75, 74, 7, 3, 75, 7, 2, 39, 23, 69, 19, 77, 55, 28, 73, 24, 63, 15, 35, 68, 55, 4, 23, 52, 13, 21, 30, 39, 1, 60, 13, 50, 54, 74, 53, 49, 1, 29, 62, 78, 18, 1, 75, 47, 3, 44, 71, 65, 58, 1 },
   { 53, 8, 58, 50, 59, 70, 71, 9, 5, 46, 68, 17, 16, 18, 11, 43, 41, 66, 72, 24, 64, 64, 78, 34, 32, 56, 77, 23, 41, 30, 23, 69, 37, 55, 14, 70, 45, 59, 78, 49, 25, 42, 41, 16, 34, 51, 58, 74, 12, 50, 18, 75, 10, 71, 30, 41, 47, 2, 38, 62, 32, 35, 26, 43, 10, 40, 34, 54, 19, 7, 78, 19, 23, 39, 34, 56, 64, 12, 51, 76 },
   { 37, 43, 71, 46, 34, 75, 61, 1, 52, 19, 38, 58, 53, 63, 21, 62, 77, 29, 36, 17, 36, 34, 35, 58, 72, 43, 10, 32, 54, 60, 28, 65, 23, 73, 31, 32, 69, 12, 7, 16, 30, 44, 73, 57, 3, 14, 39, 79, 43, 75, 70, 53, 4, 79, 6, 51, 42, 15, 3, 71, 49, 30, 56, 72, 23, 62, 78, 66, 73, 5, 2, 78, 24, 74, 55, 26, 63, 69, 79, 1 },
   { 64, 70, 53, 42, 44, 58, 13, 7, 48, 69, 77, 17, 73, 53, 63, 71, 35, 61, 57, 4, 41, 34, 56, 64, 3, 6, 10, 40, 74, 63, 40, 33, 53, 67, 75, 72, 21, 62, 78, 68, 27, 75, 59, 20, 23, 43, 11, 33, 78, 43, 36, 39, 76, 66, 23, 53, 71, 7, 14, 41, 70, 28, 48, 18, 16, 18, 10, 36, 55, 62, 78, 2, 32, 57, 21, 55, 74, 7, 8, 73 },
   { 49, 18, 32, 20, 58, 30, 72, 24, 11, 60, 64, 55, 63, 8, 48, 78, 25, 57, 9, 79, 15, 61, 1, 46, 38, 76, 21, 33, 3, 3, 26, 51, 74, 32, 45, 52, 36, 37, 51, 47, 72, 35, 76, 55, 42, 44, 28, 42, 76, 11, 41, 11, 71, 17, 56, 29, 13, 52, 36, 69, 29, 36, 40, 78, 68, 5, 25, 78, 16, 75, 20, 62, 6, 17, 37, 22, 35, 39, 63, 31 },
   { 49, 25, 41, 40, 16, 72, 69, 28, 44, 25, 17, 47, 61, 31, 45, 24, 10, 70, 76, 79, 40, 17, 62, 45, 8, 73, 67, 42, 33, 50, 48, 2, 49, 9, 42, 64, 55, 6, 66, 19, 5, 57, 41, 40, 62, 60, 63, 46, 25, 35, 46, 65, 26, 3, 30, 33, 75, 17, 49, 3, 42, 17, 59, 11, 1, 21, 50, 55, 1, 36, 49, 5, 68, 10, 45, 50, 44, 3, 17, 69 },
   { 12, 62, 54, 37, 39, 4, 44, 34, 75, 68, 12, 37, 5, 70, 47, 59, 65, 17, 35, 65, 28, 58, 44, 16, 42, 63, 40, 6, 41, 56, 74, 52, 13, 48, 64, 51, 27, 28, 60, 22, 16, 71, 58, 75, 61, 79, 54, 46, 71, 63, 6, 73, 41, 49, 63, 3, 33, 23, 9, 73, 79, 57, 20, 12, 1, 4, 38, 2, 32, 18, 23, 22, 9, 55, 17, 44, 29, 46, 10, 20 },
   { 29, 15, 67, 45, 38, 50, 22, 70, 73, 5, 38, 47, 62, 58, 33, 37, 36, 70, 38, 42, 62, 60, 64, 70, 10, 55, 9, 38, 21, 72, 33, 25, 7, 74, 44, 20, 45, 65, 10, 38, 70, 23, 5, 27, 55, 37, 63, 11, 3, 21, 53, 64, 55, 12, 30, 64, 66, 38, 76, 62, 31, 4, 7, 12, 78, 50, 31, 43, 35, 16, 55, 79, 13, 59, 26, 67, 70, 9, 52, 72 },
   { 29, 79, 57, 4, 11, 61, 42, 52, 19, 39, 34, 24, 42, 40, 36, 15, 64, 41, 57, 73, 31, 32, 73, 43, 65, 19, 30, 31, 3, 57, 77, 31, 56, 54, 10, 42, 10, 51, 14, 29, 64, 47, 52, 2, 61, 62, 16, 45, 24, 73, 38, 54, 79, 31, 18, 40, 25, 22, 70, 27, 53, 67, 32, 5, 17, 41, 46, 26, 67, 59, 29, 51, 1, 2, 52, 61, 38, 68, 1, 61 },
   { 36, 38, 11, 10, 44, 3, 49, 68, 78, 14, 69, 52, 2, 21, 56, 72, 62, 76, 18, 49, 30, 47, 74, 30, 23, 47, 65, 60, 10, 65, 17, 20, 23, 27, 29, 66, 4, 78, 29, 2, 12, 18, 28, 67, 39, 58, 59, 75, 54, 52, 44, 4, 73, 38, 8, 16, 59, 72, 50, 43, 57, 66, 62, 1, 67, 12, 41, 70, 64, 45, 47, 50, 62, 49, 13, 75, 3, 71, 70, 56 },
   { 18, 9, 35, 11, 22, 42, 26, 1, 35, 76, 19, 12, 37, 1, 66, 25, 12, 3, 69, 50, 47, 11, 75, 4, 35, 8, 79, 37, 53, 44, 13, 71, 28, 22, 2, 49, 64, 3, 24, 19, 53, 42, 5, 10, 43, 46, 9, 29, 48, 78, 54, 15, 63, 49, 72, 18, 56, 46, 54, 29, 11, 42, 20, 38, 63, 76, 61, 22, 78, 5, 40, 26, 22, 20, 35, 39, 65, 19, 67, 8 },
   { 17, 16, 22, 54, 64, 68, 72, 15, 35, 21, 44, 20, 37, 38, 32, 21, 9, 13, 17, 61, 71, 32, 7, 67, 51, 17, 26, 11, 35, 68, 18, 26, 4, 14, 79, 43, 2, 46, 57, 11, 67, 75, 30, 78, 34, 36, 73, 17, 23, 11, 78, 69, 42, 59, 56, 67, 75, 57, 77, 5, 45, 15, 30, 23, 3, 30, 65, 4, 50, 43, 69, 12, 38, 73, 11, 46, 30, 4, 38, 52 },
   { 14, 36, 41, 30, 69, 72, 17, 65, 49, 14, 69, 14, 3, 74, 11, 5, 24, 76, 63, 48, 39, 27, 60, 51, 20, 70, 72, 49, 48, 30, 76, 37, 40, 12, 66, 29, 4, 4, 14, 52, 71, 58, 40, 49, 52, 51, 28, 50, 22, 11, 18, 35, 37, 77, 6, 32, 42, 52, 1, 11, 2, 76, 47, 16, 9, 8, 45, 66, 65, 33, 14, 32, 65, 28, 1, 37, 78, 28, 61, 74 },
   { 14, 54, 29, 25, 51, 10, 56, 68, 61, 57, 53, 38, 28, 20, 53, 11, 2, 72, 77, 67, 26, 65, 19, 11, 13, 73, 23, 66, 75, 58, 60, 9, 32, 10, 34, 58, 19, 64, 46, 54, 16, 73, 12, 44, 67, 40, 29, 68, 32, 1, 30, 32, 65, 23, 18, 78, 16, 15, 64, 12, 72, 44, 74, 79, 28, 28, 32, 21, 67, 52, 75, 3, 45, 61, 21, 32, 75, 50, 20, 28 },
   { 50, 25, 34, 36, 47, 26, 34, 38, 40, 72, 49, 8, 36, 43, 7, 39, 46, 13, 59, 8, 64, 54, 10, 29, 11, 31, 60, 6, 1, 54, 8, 50, 78, 17, 60, 46, 42, 68, 4, 3, 60, 27, 10, 71, 44, 70, 30, 64, 3, 9, 71, 41, 38, 2, 69, 48, 32, 49, 28, 7, 77, 11, 31, 76, 27, 12, 17, 68, 79, 20, 70, 35, 21, 54, 26, 64, 19, 55, 49, 75 },
   { 38, 15, 36, 50, 16, 79, 72, 22, 23, 21, 28, 21, 31, 59, 17, 57, 45, 33, 45, 19, 27, 11, 53, 22, 39, 78, 6, 33, 28, 29, 3, 41, 44, 14, 11, 34, 13, 4, 56, 36, 78, 58, 56, 29, 37, 47, 60, 56, 54, 79, 75, 55, 64, 48, 76, 78, 22, 56, 31, 49, 6, 33, 64, 24, 21, 75, 32, 34, 53, 8, 69, 51, 41, 20, 54, 52, 66, 34, 29, 40 },
   { 33, 24, 69, 18, 71, 65, 16, 13, 41, 21, 37, 21, 28, 75, 19, 49, 70, 51, 57, 18, 33, 46, 68, 73, 40, 17, 46, 26, 50, 74, 40, 58, 18, 29, 50, 63, 68, 40, 51, 29, 35, 8, 25, 62, 3, 43, 6, 48, 14, 62, 40, 22, 3, 4, 15, 42, 20, 35, 42, 70, 29, 56, 23, 21, 5, 72, 59, 47, 7, 30, 51, 41, 37, 75, 23, 14, 38, 4, 36, 27 },
   { 65, 76, 23, 68, 79, 37, 5, 73, 47, 47, 38, 50, 23, 60, 71, 3, 27, 50, 49, 33, 54, 20, 73, 11, 69, 71, 78, 3, 74, 10, 4, 34, 6, 26, 22, 59, 37, 2, 52, 4, 48, 65, 54, 45, 45, 45, 47, 72, 69, 71, 79, 43, 65, 73, 28, 55, 39, 1, 57, 33, 10, 35, 66, 69, 60, 63, 23, 17, 64, 50, 21, 7, 35, 74, 51, 54, 14, 73, 21, 57 },
   { 64, 21, 74, 24, 68, 22, 78, 27, 76, 30, 34, 61, 64, 74, 50, 44, 57, 73, 36, 16, 18, 56, 76, 52, 25, 48, 26, 38, 16, 47, 15, 54, 42, 9, 77, 30, 5, 51, 31, 1, 1, 64, 61, 40, 58, 7, 58, 11, 54, 14, 1, 71, 44, 77, 18, 68, 20, 18, 1, 35, 39, 15, 63, 1, 77, 60, 5, 2, 31, 35, 57, 7, 73, 13, 21, 52, 73, 78, 37, 47 },
   { 67, 37, 13, 6, 34, 30, 49, 53, 23, 49, 62, 61, 64, 45, 62, 36, 1, 66, 38, 31, 22, 69, 12, 15, 2, 32, 41, 75, 6, 52, 17, 47, 10, 30, 27, 18, 34, 75, 46, 56, 45, 28, 38, 4, 48, 74, 39, 48, 60, 51, 53, 56, 40, 40, 46, 42, 46, 7, 12, 51, 34, 3, 72, 43, 32, 20, 60, 41, 69, 1, 71, 34, 29, 4, 37, 51, 77, 51, 19, 33 },
   { 22, 46, 9, 62, 6, 29, 78, 52, 11, 64, 77, 44, 66, 45, 7, 73, 64, 41, 34, 53, 42, 79, 62, 45, 4, 73, 70, 55, 44, 63, 8, 66, 29, 71, 23, 35, 20, 21, 61, 5, 5, 58, 48, 45, 23, 29, 38, 61, 45, 46, 10, 61, 46, 71, 1, 24, 64, 70, 78, 29, 53, 61, 69, 56, 27, 12, 11, 21, 32, 46, 26, 11, 25, 48, 30, 22, 77, 68, 58, 42 },
   { 34, 67, 23, 54, 58, 23, 77, 17, 67, 51, 20, 40, 7, 9, 16, 33, 20, 2, 53, 26, 22, 53, 11, 46, 22, 41, 43, 19, 4, 21, 35, 37, 8, 32, 66, 40, 54, 38, 31, 16, 9, 51, 55, 15, 34, 45, 22, 29, 21, 50, 54, 43, 23, 40, 63, 19, 55, 1, 37, 58, 21, 46, 69, 3, 77, 55, 17, 26, 68, 48, 41, 76, 73, 70, 66, 27, 11, 8, 55, 6 },
   { 57, 5, 48, 55, 44, 7, 73, 73, 7, 6, 26, 3, 51, 15, 5, 24, 45, 76, 24, 33, 44, 65, 4, 12, 30, 69, 38, 15, 52, 14, 21, 29, 18, 43, 58, 36, 49, 52, 4, 31, 57, 29, 33, 3, 18, 12, 26, 37, 8, 50, 69, 26, 10, 48, 37, 14, 12, 75, 29, 63, 63, 24, 67, 55, 66, 45, 65, 11, 17, 68, 41, 48, 17, 73, 51, 9, 5, 51, 46, 67 },
   { 75, 10, 13, 59, 57, 50, 73, 69, 20, 76, 52, 3, 20, 14, 57, 6, 59, 42, 16, 50, 5, 56, 19, 75, 24, 44, 4, 4, 15, 49, 70, 65, 34, 57, 44, 11, 2, 37, 54, 21, 33, 2, 77, 27, 15, 29, 33, 73, 45, 48, 44, 49, 79, 37, 19, 77, 1, 23, 1, 69, 46, 45, 54, 79, 23, 73, 65, 78, 5, 39, 74, 13, 40, 71, 39, 55, 75, 71, 23, 40 },
   { 15, 66, 64, 68, 23, 3, 65, 77, 79, 41, 67, 46, 6, 16, 20, 3, 9, 5, 2, 68, 44, 75, 1, 58, 41, 39, 33, 11, 6, 56, 26, 74, 17, 64, 62, 15, 66, 22, 12, 41, 62, 53, 7, 43, 69, 1, 45, 52, 6, 21, 40, 24, 70, 15, 2, 7, 29, 10, 17, 34, 40, 42, 3, 31, 26, 64, 45, 67, 60, 32, 28, 43, 5, 9, 60, 48, 9, 25, 75, 68 },
   { 46, 35, 12, 11, 25, 68, 17, 53, 77, 34, 61, 12, 50, 63, 42, 76, 22, 8, 38, 56, 39, 40, 19, 18, 48, 53, 66, 31, 78, 61, 20, 19, 70, 31, 29, 69, 19, 21, 42, 70, 54, 77, 2, 78, 35, 44, 49, 31, 26, 7, 8, 39, 46, 1, 56, 68, 54, 17, 20, 52, 77, 39, 45, 43, 44, 48, 32, 63, 68, 49, 53, 17, 21, 30, 16, 56, 73, 64, 7, 73 },
   { 46, 14, 32, 12, 69, 8, 1, 43, 25, 74, 69, 76, 33, 34, 14, 76, 56, 21, 34, 45, 69, 62, 36, 64, 12, 26, 40, 59, 11, 22, 52, 56, 10, 4, 42, 78, 65, 17, 41, 64, 65, 30, 36, 18, 38, 49, 69, 15, 69, 23, 34, 33, 59, 44, 18, 70, 70, 32, 24, 55, 53, 75, 6, 38, 53, 22, 36, 39, 39, 52, 23, 24, 2, 58, 17, 15, 3, 60, 4, 71 },
   { 3, 12, 79, 62, 55, 71, 27, 20, 23, 51, 74, 51, 21, 79, 9, 49, 22, 44, 8, 35, 70, 5, 33, 72, 38, 24, 61, 40, 4, 39, 6, 7, 50, 59, 43, 79, 50, 44, 20, 48, 69, 68, 19, 65, 43, 2, 34, 64, 20, 16, 73, 11, 20, 26, 57, 32, 50, 13, 71, 53, 51, 52, 34, 21, 31, 51, 74, 56, 70, 14, 24, 59, 57, 17, 19, 20, 72, 52, 4, 66 }
};

int B[80][80] = 
{
   { 67, 51, 76, 62, 76, 28, 14, 21, 40, 60, 49, 11, 32, 57, 31, 37, 4, 26, 13, 73, 14, 11, 27, 70, 2, 46, 10, 48, 18, 67, 35, 60, 38, 6, 42, 10, 34, 55, 5, 73, 35, 53, 5, 41, 6, 10, 78, 9, 10, 65, 2, 78, 51, 28, 68, 27, 73, 53, 75, 66, 40, 5, 46, 53, 10, 8, 62, 43, 37, 66, 12, 72, 15, 70, 33, 20, 79, 6, 28, 64 },
   { 46, 4, 62, 17, 31, 25, 18, 79, 77, 67, 65, 13, 71, 31, 65, 56, 13, 22, 73, 49, 62, 5, 16, 76, 74, 49, 70, 49, 29, 72, 33, 74, 75, 69, 65, 2, 14, 4, 1, 12, 45, 40, 24, 37, 70, 63, 67, 57, 59, 60, 26, 41, 65, 42, 13, 34, 65, 3, 57, 14, 75, 64, 63, 45, 53, 23, 46, 67, 1, 21, 53, 46, 60, 51, 57, 25, 9, 44, 2, 67 },
   { 24, 28, 28, 63, 69, 40, 72, 29, 43, 49, 17, 13, 9, 79, 57, 61, 77, 78, 23, 77, 73, 50, 18, 54, 21, 74, 78, 29, 13, 55, 70, 37, 3, 19, 74, 46, 58, 66, 49, 75, 11, 65, 62, 19, 40, 15, 54, 37, 67, 77, 9, 60, 47, 2, 34, 43, 75, 8, 46, 9, 62, 37, 20, 39, 55, 14, 59, 8, 55, 28, 58, 65, 13, 15, 4, 27, 29, 32, 63, 16 },
   { 29, 47, 76, 51, 48, 5, 68, 18, 12, 34, 1, 48, 45, 74, 7, 20, 9, 40, 3, 38, 67, 35, 23, 55, 49, 1, 2, 78, 32, 40, 68, 36, 7, 39, 61, 29, 44, 49, 21, 55, 3, 22, 78, 48, 16, 5, 42, 78, 45, 19, 36, 7, 28, 33, 61, 77, 8, 38, 50, 15, 77, 13, 50, 58, 52, 31, 7, 16, 79, 27, 45, 56, 23, 43, 78, 14, 23, 16, 12, 42 },
   { 9, 23, 23, 37, 30, 59, 9, 38, 17, 33, 52, 14, 45, 76, 71, 71, 2, 52, 7, 55, 53, 27, 6, 76, 44, 5, 10, 41, 74, 75, 3, 57, 72, 1, 68, 77, 59, 76, 10, 75, 4, 36, 63, 49, 32, 54, 15, 8, 1, 22, 62, 53, 23, 67, 24, 66, 46, 8, 28, 15, 58, 5, 72, 25, 5, 60, 22, 63, 32, 31, 33, 35, 41, 16, 58, 47, 44, 48, 54, 19 },
   { 44, 36, 72, 66, 24, 70, 27, 44, 78, 29, 59, 31, 34, 26, 55, 13, 6, 77, 51, 12, 3, 4, 22, 44, 74, 54, 11, 38, 22, 65, 57, 65, 75, 24, 51, 19, 68, 53, 38, 41, 2, 17, 71, 35, 42, 47, 23, 22, 44, 73, 9, 46, 51, 30, 64, 20, 58, 75, 33, 1, 35, 64, 40, 30, 62, 66, 24, 50, 39, 61, 12, 40, 52, 3, 50, 68, 49, 72, 10, 67 },
   { 40, 18, 9, 65, 22, 72, 6, 1, 42, 13, 1, 51, 76, 15, 2, 58, 1, 79, 28, 39, 35, 14, 79, 7, 17, 49, 74, 40, 16, 58, 28, 30, 51, 36, 69, 72, 28, 49, 47, 45, 61, 22, 16, 57, 37, 71, 10, 37, 70, 13, 76, 25, 26, 50, 6, 17, 73, 54, 57, 9, 8, 59, 13, 58, 15, 2, 25, 17, 51, 72, 36, 32, 14, 52, 64, 25, 43, 48, 62, 9 },
   { 60, 58, 8, 61, 3, 68, 77, 75, 42, 29, 58, 49, 8, 70, 2, 76, 46, 27, 68, 17, 73, 24, 24, 7, 75, 62, 32, 14, 30, 68, 76, 11, 21, 4, 46, 23, 71, 18, 18, 9, 22, 75, 32, 29, 40, 34, 1, 6, 35, 68, 77, 28, 12, 21, 9, 62, 3, 40, 50, 32, 3, 46, 17, 23, 49, 37, 20, 16, 55, 37, 78, 76, 7, 30, 79, 21, 38, 79, 2, 72 },
   { 42, 78, 20, 54, 19, 29, 11, 75, 43, 60, 2, 46, 26, 73, 43, 49, 30, 63, 39, 59, 20, 37, 55, 2, 67, 30, 76, 79, 29, 77, 72, 46, 75, 12, 74, 68, 40, 5, 38, 4, 64, 40, 24, 64, 8, 66, 33, 37, 49, 72, 71, 44, 4, 46, 20, 45, 75, 16, 45, 79, 14, 37, 45, 63, 48, 39, 52, 63, 18, 64, 41, 2, 24, 64, 65, 6, 25, 72, 18, 49 },
   { 39, 9, 67, 43, 54, 7, 62, 25, 76, 27, 78, 64, 63, 43, 23, 7, 56, 74, 44, 73, 33, 5, 49, 57, 43, 9, 37, 42, 1, 54, 11, 15, 62, 77, 32, 12, 58, 14, 11, 30, 41, 9, 14, 78, 26, 36, 59, 2, 5, 77, 49, 38, 2, 18, 69, 19, 26, 26, 61, 1, 55, 46, 69, 37, 44, 21, 23, 76, 35, 33, 26, 50, 41, 15, 23, 66, 50, 57, 42, 30 },
   { 54, 11, 42, 31, 3, 31, 49, 28, 31, 5, 4, 6, 51, 47, 18, 69, 68, 40, 65, 77, 48, 66, 22, 9, 1, 19, 50, 25, 75, 66, 29, 25, 77, 70, 55, 79, 75, 78, 3, 2, 4, 60, 7, 29, 27, 78, 18, 69, 14, 57, 66, 61, 43, 8, 44, 18, 2, 68, 43, 76, 55, 71, 75, 52, 37, 50, 26, 32, 24, 28, 33, 27, 62, 15, 55, 10, 13, 47, 78, 1 },
   { 24, 40, 61, 42, 22, 1, 59, 23, 68, 76, 74, 43, 43, 69, 15, 79, 40, 16, 31, 63, 43, 39, 64, 1, 28, 14, 64, 15, 60, 62, 16, 58, 76, 51, 20, 19, 51, 54, 41, 40, 50, 35, 3, 13, 25, 72, 12, 39, 8, 18, 76, 25, 31, 35, 25, 58, 48, 9, 72, 3, 46, 8, 35, 17, 59, 55, 35, 30, 29, 51, 44, 53, 60, 47, 66, 59, 14, 77, 18, 21 },
   { 69, 68, 20, 20, 23, 20, 77, 45, 3, 45, 22, 23, 52, 32, 40, 6, 7, 74, 11, 10, 20, 54, 62, 1, 75, 23, 59, 9, 75, 52, 4, 64, 15, 78, 59, 13, 18, 31, 57, 74, 75, 54, 18, 23, 6, 57, 3, 66, 26, 13, 50, 46, 42, 7, 21, 37, 30, 79, 21, 25, 26, 78, 63, 41, 51, 42, 53, 43, 73, 5, 38, 43, 33, 30, 40, 38, 61, 43, 78, 7 },
   { 30, 48, 27, 71, 30, 22, 4, 59, 22, 78, 58, 22, 51, 41, 62, 23, 58, 35, 65, 26, 15, 23, 68, 47, 52, 29, 6, 33, 46, 58, 15, 75, 2, 16, 42, 31, 38, 45, 10, 34, 18, 42, 55, 68, 57, 38, 11, 35, 47, 76, 60, 61, 73, 24, 29, 21, 27, 9, 53, 72, 66, 42, 67, 67, 33, 29, 18, 70, 48, 2, 24, 65, 18, 53, 54, 75, 11, 64, 30, 33 },
   { 35, 65, 68, 29, 9, 17, 49, 35, 79, 76, 2, 66, 14, 43, 28, 46, 72, 21, 36, 15, 76, 34, 55, 15, 7, 29, 64, 72, 67, 68, 79, 77, 53, 67, 26, 36, 5, 49, 70, 58, 45, 71, 44, 58, 35, 47, 24, 2, 42, 34, 70, 38, 42, 45, 27, 24, 48, 65, 16, 11, 54, 69, 8, 27, 56, 8, 63, 35, 56, 28, 14, 75, 74, 32, 54, 4, 53, 52, 59, 15 },
   { 61, 49, 28, 23, 69, 54, 46, 12, 15, 36, 22, 68, 25, 4, 15, 56, 11, 52, 11, 41, 1, 78, 37, 49, 6, 65, 52, 58, 37, 31, 73, 72, 54, 21, 16, 43, 49, 36, 30, 63, 47, 51, 51, 46, 30, 41, 22, 15, 13, 8, 56, 67, 60, 13, 36, 65, 52, 62, 44, 9, 13, 12, 56, 42, 32, 46, 5, 55, 2, 9, 14, 23, 35, 39, 69, 64, 54, 65, 78, 42 },
   { 47, 54, 29, 28, 41, 40, 67, 13, 22, 31, 76, 10, 42, 27, 51, 48, 72, 30, 78, 48, 39, 66, 71, 73, 25, 35, 32, 54, 74, 30, 16, 17, 59, 19, 44, 74, 58, 6, 62, 55, 37, 33, 39, 53, 59, 10, 76, 51, 14, 74, 19, 52, 60, 64, 20, 59, 19, 51, 33, 68, 2, 48, 5, 35, 42, 23, 29, 74, 28, 11, 49, 64, 43, 62, 13, 76, 71, 9, 47, 6 },
   { 3, 66, 32, 37, 25, 27, 16, 19, 77, 24, 7, 53, 46, 11, 8, 8, 33, 12, 3, 35, 76, 26, 20, 15, 9, 7, 11, 54, 15, 58, 59, 71, 19, 66, 28, 43, 13, 18, 61, 64, 41, 42, 38, 8, 52, 20, 69, 59, 31, 71, 15, 3, 18, 9, 17, 26, 15, 27, 79, 4, 59, 34, 74, 52, 74, 22, 70, 61, 14, 26, 45, 30, 68, 3, 37, 15, 23, 26, 49, 28 },
   { 72, 63, 30, 10, 46, 46, 10, 60, 48, 63, 63, 2, 71, 32, 29, 65, 28, 19, 46, 41, 19, 12, 70, 7, 68, 2, 76, 11, 3, 45, 14, 74, 3, 43, 58, 48, 64, 42, 3, 7, 79, 40, 62, 71, 71, 11, 31, 19, 4, 52, 34, 23, 38, 25, 4, 26, 1, 79, 12, 57, 19, 79, 51, 75, 42, 4, 43, 1, 20, 20, 7, 20, 59, 69, 65, 25, 54, 70, 43, 58 },
   { 42, 77, 1, 54, 76, 4, 55, 51, 58, 41, 29, 51, 40, 54, 47, 56, 58, 64, 57, 52, 5, 38, 71, 63, 2, 31, 9, 56, 22, 26, 34, 63, 77, 9, 13, 48, 66, 67, 20, 44, 28, 23, 70, 67, 76, 37, 43, 29, 21, 74, 2, 25, 33, 47, 63, 34, 78, 46, 10, 20, 46, 18, 3, 44, 26, 15, 66, 13, 56, 6, 31, 4, 3, 21, 45, 79, 32, 63, 28, 53 },
   { 57, 4, 52, 64, 51, 10, 19, 49, 30, 3, 68, 76, 21, 45, 15, 21, 35, 1, 33, 11, 61, 64, 69, 63, 59, 9, 62, 12, 71, 65, 39, 24, 68, 65, 8, 39, 75, 1, 8, 25, 58, 50, 75, 78, 16, 10, 19, 50, 11, 27, 35, 46, 11, 24, 29, 44, 33, 66, 55, 78, 51, 14, 22, 14, 79, 5, 53, 49, 59, 35, 48, 37, 6, 19, 10, 21, 28, 29, 45, 13 },
   { 30, 79, 58, 15, 24, 62, 58, 31, 23, 34, 29, 48, 22, 26, 61, 75, 5, 9, 19, 38, 19, 42, 75, 24, 60, 59, 19, 8, 8, 63, 75, 12, 37, 28, 26, 35, 10, 5, 65, 7, 13, 69, 54, 9, 69, 36, 5, 73, 19, 77, 6, 37, 39, 1, 35, 19, 60, 53, 27, 42, 11, 76, 29, 48, 24, 54, 57, 9, 58, 43, 15, 70, 7, 69, 79, 75, 79, 58, 43, 18 },
   { 55, 48, 30, 69, 24, 64, 8, 58, 13, 9, 74, 77, 5, 23, 20, 29, 77, 77, 37, 30, 15, 51, 21, 21, 40, 74, 16, 14, 27, 33, 7, 56, 1, 36, 45, 78, 74, 53, 56, 7, 61, 26, 59, 66, 48, 78, 69, 20, 75, 26, 50, 10, 51, 45, 5, 66, 39, 74, 79, 65, 27, 6, 41, 3, 16, 61, 1, 11, 34, 32, 71, 69, 57, 50, 55, 79, 49, 19, 20, 44 },
   { 44, 44, 29, 70, 9, 8, 56, 47, 3, 55, 7, 29, 36, 22, 6, 51, 3, 7, 61, 11, 13, 53, 1, 44, 23, 30, 43, 46, 49, 37, 65, 67, 1, 14, 57, 9, 75, 8, 30, 77, 38, 11, 27, 73, 8, 7, 44, 64, 13, 1, 75, 79, 28, 75, 43, 25, 79, 61, 71, 48, 72, 56, 11, 48, 44, 42, 31, 39, 50, 61, 37, 8, 46, 38, 55, 53, 44, 19, 38, 32 },
   { 73, 33, 6, 21, 3, 24, 21, 2, 5, 12, 25, 51, 67, 10, 19, 6, 51, 50, 19, 21, 6, 55, 3, 51, 67, 57, 25, 7, 51, 37, 13, 44, 44, 18, 40, 46, 41, 60, 22, 20, 46, 21, 71, 8, 30, 10, 13, 56, 59, 31, 51, 39, 61, 54, 11, 23, 6, 10, 29, 56, 46, 41, 75, 10, 34, 10, 30, 49, 44, 26, 69, 10, 47, 60, 17, 51, 44, 4, 27, 78 },
   { 9, 53, 37, 44, 27, 47, 67, 32, 56, 16, 63, 76, 32, 58, 6, 40, 67, 35, 9, 6, 36, 77, 15, 3, 32, 6, 28, 51, 63, 30, 49, 46, 3, 60, 11, 4, 3, 77, 35, 33, 67, 18, 30, 73, 50, 35, 33, 12, 45, 17, 17, 1, 68, 6, 57, 75, 65, 59, 46, 23, 9, 69, 69, 65, 49, 54, 68, 51, 51, 78, 5, 13, 70, 34, 61, 41, 43, 68, 27, 62 },
   { 5, 44, 62, 73, 24, 14, 68, 64, 73, 9, 7, 56, 77, 50, 42, 46, 24, 30, 72, 49, 3, 51, 37, 73, 5, 18, 9, 22, 6, 35, 5, 11, 53, 41, 58, 77, 55, 21, 36, 48, 29, 17, 24, 26, 67, 40, 46, 65, 45, 13, 10, 47, 63, 46, 15, 42, 38, 23, 64, 43, 58, 43, 28, 31, 4, 60, 3, 58, 1, 13, 1, 4, 30, 79, 4, 71, 39, 50, 56, 58 },
   { 62, 65, 26, 21, 6, 40, 62, 43, 38, 21, 61, 16, 63, 63, 21, 67, 44, 78, 20, 19, 11, 21, 23, 15, 74, 26, 6, 33, 50, 62, 66, 8, 22, 12, 28, 3, 26, 10, 20, 63, 31, 1, 53, 14, 64, 49, 55, 3, 47, 75, 21, 32, 70, 18, 47, 64, 44, 52, 71, 68, 9, 57, 75, 6, 43, 23, 8, 44, 33, 27, 2, 38, 3, 55, 26, 66, 78, 2, 68, 20 },
   { 51, 63, 51, 16, 2, 72, 79, 20, 20, 45, 8, 28, 77, 4, 8, 40, 26, 15, 4, 33, 17, 6, 45, 19, 35, 71, 59, 33, 47, 22, 52, 18, 5, 77, 8, 60, 70, 7, 79, 64, 26, 8, 12, 23, 65, 74, 38, 11, 63, 16, 19, 79, 75, 63, 72, 5, 29, 26, 37, 75, 47, 63, 67, 27, 36, 74, 7, 1, 55, 61, 64, 2, 43, 50, 78, 28, 44, 36, 13, 28 },
   { 27, 31, 2, 22, 69, 49, 27, 18, 74, 38, 68, 42, 76, 55, 43, 7, 50, 24, 7, 79, 5, 45, 1, 47, 15, 54, 49, 34, 64, 62, 36, 11, 67, 37, 8, 31, 60, 34, 24, 55, 46, 12, 17, 17, 41, 34, 23, 65, 57, 29, 65, 37, 48, 40, 58, 38, 14, 28, 71, 53, 64, 2, 63, 51, 13, 45, 57, 73, 78, 1, 48, 20, 66, 39, 36, 27, 72, 59, 67, 24 },
   { 62, 52, 60, 31, 12, 14, 68, 1, 41, 34, 53, 25, 10, 11, 50, 22, 56, 27, 15, 29, 2, 62, 48, 67, 75, 59, 69, 42, 13, 56, 66, 74, 28, 21, 79, 14, 34, 42, 68, 49, 50, 16, 73, 59, 27, 19, 2, 3, 20, 70, 6, 22, 28, 29, 63, 23, 8, 52, 65, 20, 28, 26, 68, 30, 46, 43, 19, 55, 59, 61, 24, 30, 77, 72, 9, 24, 11, 64, 1, 5 },
   { 55, 60, 26, 57, 9, 10, 79, 16, 36, 39, 10, 64, 39, 53, 68, 60, 16, 61, 35, 74, 43, 58, 78, 40, 25, 8, 38, 35, 46, 38, 40, 75, 18, 40, 52, 27, 24, 27, 17, 60, 40, 2, 19, 79, 54, 7, 59, 44, 68, 68, 38, 31, 21, 37, 45, 46, 19, 3, 55, 39, 40, 69, 35, 32, 30, 61, 33, 53, 62, 25, 8, 23, 26, 26, 22, 54, 8, 55, 18, 75 },
   { 43, 30, 1, 38, 41, 45, 4, 34, 47, 59, 73, 61, 48, 3, 67, 52, 38, 75, 1, 21, 20, 8, 43, 20, 9, 39, 48, 16, 68, 65, 11, 6, 69, 65, 43, 31, 30, 47, 39, 51, 1, 7, 7, 48, 63, 73, 75, 22, 43, 50, 42, 62, 57, 59, 56, 40, 72, 24, 55, 60, 63, 40, 65, 28, 25, 28, 33, 29, 49, 71, 79, 49, 78, 60, 72, 36, 54, 67, 57, 17 },
   { 37, 73, 54, 68, 52, 5, 29, 44, 4, 4, 24, 41, 19, 63, 68, 43, 12, 21, 72, 35, 67, 46, 5, 40, 27, 76, 75, 55, 38, 28, 46, 74, 21, 20, 37, 73, 79, 40, 12, 3, 19, 11, 43, 37, 73, 7, 79, 59, 2, 46, 15, 68, 67, 73, 3, 14, 69, 78, 43, 27, 26, 9, 75, 46, 4, 7, 14, 3, 47, 1, 59, 65, 65, 22, 22, 33, 3, 21, 13, 5 },
   { 42, 2, 72, 29, 49, 50, 17, 38, 48, 59, 39, 48, 42, 34, 68, 45, 40, 57, 22, 61, 57, 1, 46, 42, 77, 67, 49, 79, 63, 36, 4, 25, 37, 51, 28, 60, 21, 44, 18, 43, 77, 31, 11, 39, 64, 53, 5, 79, 30, 26, 35, 61, 2, 2, 77, 78, 43, 47, 77, 26, 3, 2, 25, 15, 27, 27, 74, 47, 45, 67, 10, 42, 18, 74, 2, 57, 47, 60, 31, 52 },
   { 60, 65, 33, 61, 41, 6, 59, 5, 27, 57, 5, 29, 33, 5, 18, 59, 31, 67, 1, 76, 54, 64, 38, 46, 58, 14, 23, 25, 73, 28, 51, 29, 14, 59, 10, 54, 64, 44, 33, 11, 75, 38, 14, 28, 42, 7, 61, 47, 73, 36, 43, 22, 20, 56, 67, 77, 69, 11, 76, 38, 38, 48, 41, 26, 27, 50, 55, 65, 68, 8, 50, 63, 45, 38, 65, 61, 44, 21, 29, 37 },
   { 56, 46, 58, 75, 22, 21, 47, 66, 6, 44, 78, 18, 66, 39, 44, 67, 63, 73, 27, 52, 1, 76, 10, 21, 34, 75, 2, 53, 16, 5, 10, 72, 51, 43, 42, 47, 38, 10, 33, 43, 28, 6, 60, 14, 19, 78, 55, 3, 46, 2, 29, 47, 52, 38, 67, 60, 8, 43, 33, 24, 48, 18, 70, 73, 60, 32, 40, 72, 41, 48, 35, 68, 28, 69, 56, 47, 43, 31, 24, 9 },
   { 7, 52, 55, 33, 64, 17, 14, 72, 35, 46, 70, 57, 63, 60, 50, 18, 12, 64, 10, 28, 32, 19, 16, 60, 9, 47, 2, 26, 52, 25, 34, 59, 51, 64, 66, 35, 55, 79, 2, 10, 21, 46, 66, 4, 26, 11, 76, 13, 75, 60, 40, 2, 79, 30, 61, 62, 76, 37, 8, 49, 61, 16, 3, 32, 54, 68, 67, 5, 43, 43, 14, 63, 10, 55, 41, 10, 65, 12, 22, 35 },
   { 72, 61, 37, 46, 66, 72, 28, 62, 30, 10, 6, 11, 79, 62, 18, 54, 26, 5, 58, 68, 22, 46, 26, 6, 75, 66, 16, 36, 78, 37, 70, 45, 73, 2, 11, 34, 74, 13, 16, 78, 22, 76, 63, 21, 58, 1, 49, 4, 59, 2, 46, 2, 23, 71, 61, 18, 33, 76, 53, 6, 9, 19, 50, 56, 20, 60, 10, 68, 47, 79, 41, 68, 75, 25, 63, 54, 25, 8, 32, 5 },
   { 63, 78, 60, 6, 44, 41, 78, 76, 13, 51, 2, 21, 44, 51, 76, 39, 6, 60, 27, 52, 59, 68, 15, 55, 67, 53, 4, 66, 60, 10, 70, 43, 8, 25, 49, 52, 41, 47, 23, 53, 72, 25, 48, 12, 50, 19, 50, 31, 78, 51, 57, 32, 14, 72, 7, 1, 45, 64, 67, 79, 74, 32, 42, 2, 32, 65, 28, 72, 7, 26, 20, 54, 50, 42, 65, 74, 60, 10, 25, 33 },
   { 60, 3, 64, 49, 49, 46, 49, 68, 30, 11, 67, 24, 18, 4, 1, 49, 44, 3, 16, 25, 28, 10, 53, 52, 51, 38, 47, 6, 22, 46, 38, 57, 23, 76, 26, 71, 42, 49, 34, 72, 60, 75, 16, 52, 79, 70, 21, 18, 73, 11, 17, 75, 20, 70, 48, 70, 28, 69, 75, 25, 10, 8, 2, 33, 4, 27, 78, 46, 75, 33, 13, 30, 28, 3, 2, 2, 73, 76, 73, 41 },
   { 7, 11, 36, 26, 1, 4, 70, 3, 47, 40, 27, 57, 47, 28, 10, 26, 29, 62, 46, 79, 15, 58, 29, 18, 60, 6, 19, 28, 2, 67, 68, 63, 77, 25, 63, 77, 3, 54, 79, 50, 68, 2, 2, 36, 4, 11, 36, 33, 72, 2, 32, 62, 59, 35, 54, 14, 15, 72, 42, 17, 34, 30, 54, 31, 29, 37, 3, 32, 65, 3, 56, 54, 58, 57, 64, 61, 42, 20, 68, 9 },
   { 21, 74, 45, 79, 30, 19, 67, 19, 66, 29, 35, 20, 34, 63, 51, 37, 21, 28, 43, 6, 5, 19, 34, 62, 50, 18, 44, 66, 37, 7, 75, 57, 2, 40, 31, 6, 34, 19, 24, 20, 22, 34, 39, 30, 17, 64, 67, 37, 13, 30, 18, 17, 24, 51, 54, 73, 69, 72, 60, 1, 78, 30, 58, 79, 44, 9, 59, 77, 2, 4, 17, 78, 37, 31, 28, 28, 69, 69, 40, 2 },
   { 20, 32, 73, 18, 3, 47, 65, 46, 39, 20, 47, 37, 49, 79, 12, 68, 62, 70, 65, 64, 48, 57, 62, 59, 62, 64, 8, 51, 54, 47, 28, 48, 78, 21, 65, 55, 42, 25, 76, 1, 45, 18, 12, 68, 17, 77, 31, 78, 68, 17, 37, 11, 48, 73, 70, 30, 58, 77, 1, 7, 19, 28, 54, 71, 23, 14, 21, 64, 38, 17, 39, 57, 34, 51, 21, 25, 23, 51, 24, 65 },
   { 67, 35, 76, 10, 29, 66, 14, 61, 38, 15, 67, 31, 17, 16, 22, 15, 29, 42, 78, 41, 34, 13, 19, 42, 63, 39, 67, 60, 10, 11, 46, 52, 20, 42, 36, 48, 28, 50, 29, 40, 39, 70, 70, 30, 6, 12, 44, 34, 28, 18, 75, 36, 30, 68, 78, 13, 2, 40, 47, 11, 25, 13, 37, 44, 54, 73, 13, 56, 43, 16, 16, 56, 7, 60, 6, 12, 46, 50, 21, 49 },
   { 67, 70, 5, 17, 58, 57, 4, 34, 17, 50, 19, 41, 63, 56, 6, 12, 24, 72, 43, 41, 8, 33, 17, 14, 14, 22, 1, 59, 46, 21, 28, 33, 65, 8, 24, 18, 64, 27, 51, 56, 52, 69, 71, 10, 20, 76, 75, 43, 68, 38, 4, 51, 71, 20, 39, 59, 17, 39, 38, 62, 34, 41, 70, 19, 48, 14, 11, 7, 16, 61, 37, 67, 26, 29, 51, 45, 25, 46, 9, 68 },
   { 5, 66, 39, 50, 61, 52, 29, 77, 12, 66, 34, 20, 2, 24, 14, 24, 13, 24, 31, 28, 60, 67, 69, 6, 16, 40, 25, 16, 60, 33, 58, 64, 20, 71, 9, 55, 43, 37, 52, 29, 78, 6, 49, 79, 5, 62, 24, 17, 60, 29, 19, 15, 16, 8, 20, 7, 22, 45, 76, 2, 52, 54, 41, 46, 45, 49, 21, 8, 7, 47, 37, 5, 28, 60, 58, 32, 42, 56, 23, 76 },
   { 5, 41, 12, 75, 23, 6, 2, 19, 25, 77, 20, 77, 51, 35, 18, 70, 5, 39, 77, 65, 60, 9, 44, 8, 68, 22, 14, 5, 78, 36, 2, 57, 51, 67, 52, 73, 72, 28, 66, 18, 25, 7, 69, 50, 41, 7, 40, 20, 20, 13, 5, 1, 21, 48, 8, 10, 45, 22, 14, 18, 32, 69, 74, 4, 56, 47, 51, 24, 74, 38, 16, 74, 19, 5, 44, 34, 11, 59, 54, 31 },
   { 46, 33, 6, 66, 56, 67, 50, 21, 63, 39, 38, 16, 3, 7, 73, 59, 53, 19, 57, 23, 56, 72, 17, 49, 76, 35, 4, 61, 68, 32, 66, 34, 39, 71, 75, 15, 59, 45, 10, 42, 4, 22, 32, 61, 29, 25, 15, 56, 44, 71, 78, 74, 63, 15, 19, 34, 25, 76, 69, 13, 3, 56, 47, 41, 22, 42, 31, 55, 61, 40, 72, 40, 37, 24, 21, 40, 24, 35, 16, 42 },
   { 26, 69, 11, 63, 58, 29, 71, 3, 25, 60, 16, 27, 11, 37, 43, 33, 53, 73, 62, 34, 8, 54, 73, 44, 78, 68, 58, 22, 23, 74, 38, 23, 63, 48, 60, 16, 77, 51, 19, 76, 7, 9, 78, 71, 45, 41, 78, 18, 9, 61, 26, 16, 35, 20, 35, 33, 8, 13, 29, 6, 61, 66, 28, 19, 10, 9, 35, 7, 34, 53, 57, 15, 61, 55, 61, 1, 16, 59, 72, 24 },
   { 40, 18, 15, 75, 37, 49, 3, 20, 36, 7, 79, 18, 72, 27, 36, 56, 10, 70, 62, 19, 18, 15, 8, 53, 69, 68, 53, 60, 48, 45, 58, 62, 63, 72, 32, 74, 16, 35, 68, 52, 41, 67, 44, 8, 69, 79, 64, 53, 45, 21, 46, 37, 35, 54, 11, 79, 17, 63, 59, 64, 4, 12, 22, 41, 59, 53, 35, 74, 8, 78, 21, 23, 65, 64, 6, 29, 39, 44, 3, 58 },
   { 64, 48, 15, 74, 76, 25, 73, 14, 63, 27, 52, 41, 13, 73, 2, 71, 47, 11, 41, 29, 9, 36, 27, 49, 21, 32, 52, 34, 75, 54, 12, 34, 77, 1, 3, 73, 26, 50, 61, 63, 76, 34, 24, 10, 27, 25, 55, 48, 10, 16, 77, 73, 52, 78, 42, 47, 30, 14, 55, 79, 43, 41, 8, 15, 41, 11, 62, 66, 60, 44, 24, 32, 77, 47, 41, 78, 46, 70, 47, 56 },
   { 7, 19, 49, 33, 17, 65, 79, 21, 53, 54, 20, 16, 15, 27, 5, 30, 37, 67, 17, 72, 31, 40, 24, 28, 62, 39, 1, 28, 29, 47, 4, 35, 40, 27, 42, 56, 12, 41, 51, 65, 69, 70, 55, 58, 72, 60, 9, 4, 47, 79, 75, 52, 14, 19, 54, 50, 57, 54, 78, 7, 76, 56, 16, 36, 4, 58, 67, 15, 73, 38, 79, 38, 4, 30, 16, 75, 10, 78, 78, 31 },
   { 52, 49, 3, 41, 67, 31, 11, 20, 5, 9, 1, 55, 40, 16, 12, 43, 48, 53, 32, 17, 65, 7, 54, 43, 36, 44, 38, 45, 18, 12, 50, 69, 60, 27, 30, 22, 57, 16, 41, 36, 24, 41, 12, 63, 32, 77, 1, 79, 50, 33, 16, 10, 39, 44, 53, 74, 9, 65, 14, 26, 51, 38, 69, 31, 64, 74, 28, 41, 10, 68, 51, 8, 30, 62, 46, 36, 59, 46, 35, 4 },
   { 78, 26, 14, 12, 44, 66, 6, 27, 51, 73, 52, 23, 31, 17, 28, 69, 11, 55, 5, 74, 19, 56, 2, 48, 38, 47, 4, 72, 68, 13, 75, 41, 13, 9, 53, 57, 74, 33, 4, 21, 2, 31, 18, 32, 22, 20, 22, 32, 75, 1, 26, 14, 56, 2, 36, 15, 24, 14, 7, 12, 1, 56, 52, 68, 65, 79, 20, 34, 8, 23, 29, 9, 28, 46, 15, 49, 66, 11, 55, 36 },
   { 12, 55, 24, 67, 57, 34, 56, 55, 22, 37, 66, 22, 14, 13, 10, 53, 67, 29, 7, 74, 27, 36, 3, 29, 56, 17, 53, 17, 3, 28, 27, 14, 58, 50, 55, 10, 58, 32, 64, 79, 43, 50, 22, 56, 37, 6, 4, 24, 35, 11, 18, 36, 21, 74, 64, 51, 66, 12, 68, 68, 15, 15, 56, 72, 40, 31, 2, 18, 62, 65, 18, 26, 10, 39, 56, 46, 19, 35, 45, 53 },
   { 45, 37, 63, 40, 32, 23, 11, 72, 34, 78, 35, 48, 68, 11, 15, 28, 41, 16, 45, 78, 55, 37, 24, 64, 75, 54, 6, 69, 63, 50, 42, 3, 7, 1, 42, 13, 23, 53, 5, 31, 26, 14, 54, 14, 24, 68, 16, 65, 59, 36, 63, 34, 72, 61, 73, 43, 10, 78, 32, 73, 23, 48, 75, 29, 48, 13, 17, 45, 65, 75, 51, 65, 10, 79, 54, 33, 67, 44, 72, 21 },
   { 79, 55, 30, 72, 11, 23, 35, 21, 21, 66, 68, 43, 9, 38, 46, 57, 50, 37, 76, 10, 33, 22, 75, 42, 21, 24, 49, 9, 67, 17, 4, 67, 71, 33, 34, 57, 55, 68, 52, 50, 29, 40, 67, 37, 77, 9, 68, 48, 45, 40, 57, 77, 61, 27, 14, 3, 50, 38, 65, 13, 54, 68, 79, 20, 22, 33, 76, 51, 75, 48, 22, 24, 62, 63, 35, 35, 71, 78, 3, 37 },
   { 38, 34, 9, 19, 36, 77, 21, 60, 10, 60, 72, 63, 49, 46, 57, 45, 78, 29, 16, 48, 76, 12, 46, 34, 50, 2, 68, 41, 54, 45, 52, 12, 53, 36, 5, 9, 8, 1, 44, 17, 60, 36, 54, 29, 3, 31, 48, 55, 34, 39, 24, 6, 50, 44, 39, 20, 20, 27, 36, 73, 46, 62, 5, 19, 18, 10, 28, 25, 10, 71, 16, 44, 2, 44, 73, 58, 75, 16, 34, 4 },
   { 54, 32, 9, 79, 75, 47, 19, 16, 48, 29, 63, 14, 12, 68, 33, 4, 52, 35, 4, 36, 1, 73, 79, 2, 38, 47, 60, 8, 63, 68, 11, 12, 74, 20, 11, 69, 66, 5, 59, 10, 33, 43, 23, 19, 6, 30, 23, 32, 64, 1, 42, 64, 73, 16, 41, 31, 38, 75, 38, 75, 38, 49, 7, 32, 68, 18, 75, 29, 22, 30, 38, 29, 47, 36, 48, 52, 65, 45, 58, 50 },
   { 45, 20, 9, 38, 35, 24, 44, 72, 73, 2, 67, 31, 25, 49, 62, 13, 66, 33, 17, 8, 62, 29, 36, 29, 64, 58, 55, 50, 23, 33, 74, 42, 27, 57, 1, 36, 56, 19, 4, 49, 20, 70, 55, 45, 39, 37, 32, 79, 44, 23, 61, 26, 52, 72, 29, 36, 50, 4, 60, 48, 11, 29, 10, 12, 7, 64, 48, 37, 3, 51, 6, 77, 16, 60, 42, 30, 72, 48, 29, 36 },
   { 71, 65, 37, 18, 57, 65, 53, 2, 44, 9, 49, 29, 37, 59, 41, 18, 43, 9, 54, 21, 59, 35, 18, 49, 15, 34, 78, 61, 56, 3, 72, 47, 67, 29, 39, 44, 68, 13, 45, 7, 75, 69, 36, 32, 48, 76, 25, 65, 59, 78, 60, 13, 33, 77, 61, 23, 6, 35, 58, 62, 37, 50, 4, 78, 53, 43, 42, 17, 30, 61, 23, 25, 25, 58, 31, 47, 29, 55, 8, 8 },
   { 29, 67, 74, 36, 65, 56, 58, 70, 11, 12, 27, 22, 61, 31, 20, 10, 73, 36, 26, 23, 71, 48, 22, 17, 2, 52, 63, 30, 28, 70, 13, 31, 33, 7, 66, 18, 37, 20, 62, 47, 31, 10, 43, 66, 40, 62, 75, 8, 18, 21, 30, 64, 44, 51, 1, 45, 77, 38, 49, 79, 4, 61, 30, 36, 68, 17, 28, 25, 36, 64, 47, 41, 48, 10, 27, 62, 47, 77, 69, 39 },
   { 18, 73, 23, 36, 19, 77, 1, 17, 11, 50, 16, 68, 31, 46, 24, 73, 37, 26, 73, 47, 64, 15, 8, 33, 78, 9, 15, 20, 6, 59, 59, 78, 52, 56, 34, 71, 54, 35, 8, 39, 59, 77, 27, 10, 43, 25, 58, 54, 25, 26, 21, 9, 15, 28, 41, 13, 37, 31, 8, 42, 10, 66, 15, 36, 42, 49, 27, 70, 4, 9, 4, 62, 7, 30, 46, 24, 54, 78, 53, 78 },
   { 78, 73, 62, 13, 22, 23, 1, 33, 28, 8, 49, 37, 48, 64, 73, 64, 33, 74, 55, 11, 4, 58, 47, 64, 63, 67, 62, 12, 66, 35, 65, 39, 29, 47, 52, 25, 69, 27, 32, 18, 34, 1, 29, 2, 39, 76, 40, 46, 71, 15, 56, 49, 48, 77, 8, 6, 65, 69, 17, 26, 25, 2, 64, 28, 48, 36, 27, 13, 37, 58, 5, 70, 33, 33, 46, 72, 5, 7, 13, 75 },
   { 75, 44, 19, 18, 41, 26, 23, 26, 15, 40, 26, 14, 16, 11, 16, 64, 21, 42, 76, 58, 20, 1, 23, 28, 8, 44, 74, 12, 50, 7, 61, 20, 50, 79, 38, 66, 79, 35, 12, 69, 49, 13, 3, 65, 23, 19, 49, 43, 35, 20, 75, 55, 74, 19, 57, 2, 62, 51, 68, 7, 32, 24, 1, 3, 78, 38, 68, 77, 48, 54, 66, 17, 66, 44, 2, 63, 37, 25, 2, 71 },
   { 44, 76, 21, 13, 69, 77, 69, 26, 23, 57, 32, 55, 55, 33, 57, 53, 45, 20, 26, 13, 48, 12, 5, 10, 30, 60, 72, 66, 6, 48, 58, 24, 45, 53, 37, 9, 51, 26, 35, 73, 57, 41, 48, 32, 48, 79, 6, 14, 73, 31, 1, 42, 17, 59, 51, 47, 40, 18, 8, 45, 66, 40, 43, 6, 14, 79, 14, 39, 79, 48, 32, 56, 64, 55, 9, 32, 54, 68, 20, 48 },
   { 73, 75, 64, 10, 54, 10, 31, 14, 27, 14, 33, 13, 53, 76, 18, 41, 50, 7, 79, 50, 29, 32, 26, 13, 61, 9, 45, 10, 76, 64, 32, 69, 59, 16, 54, 34, 25, 59, 22, 52, 72, 55, 39, 46, 26, 32, 7, 75, 38, 7, 20, 66, 13, 46, 79, 73, 29, 44, 57, 1, 3, 10, 69, 37, 25, 18, 70, 50, 77, 66, 76, 69, 16, 35, 10, 41, 66, 71, 12, 78 },
   { 52, 31, 65, 39, 51, 39, 7, 1, 57, 63, 1, 59, 72, 44, 16, 18, 62, 60, 42, 34, 47, 38, 23, 62, 47, 8, 78, 9, 78, 10, 7, 25, 40, 46, 63, 12, 5, 69, 66, 61, 52, 66, 16, 45, 5, 6, 37, 66, 66, 78, 20, 8, 11, 18, 69, 32, 79, 42, 40, 52, 51, 22, 76, 12, 42, 59, 77, 22, 23, 63, 57, 74, 24, 72, 14, 28, 78, 50, 15, 39 },
   { 23, 9, 46, 33, 1, 10, 65, 54, 52, 79, 26, 23, 75, 76, 9, 38, 30, 6, 34, 52, 43, 11, 47, 66, 4, 60, 15, 56, 6, 4, 15, 28, 66, 35, 36, 42, 44, 75, 70, 16, 49, 17, 14, 45, 67, 22, 57, 18, 3, 11, 69, 45, 21, 11, 7, 78, 46, 21, 54, 51, 78, 43, 53, 39, 77, 9, 55, 42, 58, 46, 32, 28, 37, 45, 72, 24, 67, 24, 41, 44 },
   { 34, 6, 9, 29, 16, 15, 28, 36, 10, 56, 7, 62, 74, 35, 76, 71, 18, 51, 8, 76, 17, 40, 24, 53, 59, 70, 52, 21, 14, 67, 64, 22, 72, 73, 50, 9, 62, 52, 19, 47, 4, 26, 29, 77, 35, 79, 43, 52, 51, 51, 48, 42, 65, 71, 70, 19, 61, 42, 40, 49, 29, 24, 70, 76, 71, 16, 59, 54, 42, 77, 75, 20, 23, 78, 17, 32, 78, 35, 5, 49 },
   { 60, 52, 65, 45, 19, 55, 63, 79, 71, 77, 24, 75, 22, 14, 71, 13, 4, 50, 41, 21, 47, 36, 40, 45, 10, 32, 76, 8, 66, 1, 31, 46, 53, 16, 65, 71, 71, 23, 45, 37, 21, 68, 32, 42, 57, 23, 29, 35, 72, 45, 30, 40, 55, 70, 5, 64, 76, 1, 71, 62, 56, 22, 3, 29, 38, 67, 74, 4, 10, 14, 40, 5, 57, 72, 46, 9, 69, 50, 18, 62 },
   { 15, 48, 22, 44, 38, 1, 29, 34, 55, 74, 70, 31, 71, 72, 34, 29, 34, 3, 7, 43, 17, 21, 48, 48, 67, 68, 56, 57, 13, 73, 14, 2, 41, 10, 46, 53, 10, 49, 61, 39, 43, 26, 70, 34, 18, 78, 37, 51, 2, 18, 69, 72, 39, 12, 40, 1, 54, 70, 32, 42, 63, 45, 43, 79, 54, 63, 27, 63, 32, 63, 77, 50, 9, 67, 58, 2, 65, 16, 27, 41 },
   { 8, 70, 33, 21, 56, 72, 22, 31, 62, 53, 72, 21, 73, 10, 74, 47, 73, 75, 6, 79, 58, 3, 24, 42, 69, 3, 43, 29, 72, 69, 70, 79, 60, 77, 75, 36, 45, 71, 41, 2, 19, 8, 22, 12, 72, 70, 59, 40, 66, 64, 39, 19, 66, 38, 60, 30, 40, 77, 33, 32, 67, 77, 6, 22, 75, 1, 32, 40, 71, 48, 41, 11, 55, 38, 76, 22, 3, 55, 61, 43 },
   { 14, 75, 37, 54, 33, 17, 58, 72, 69, 12, 78, 31, 63, 58, 27, 33, 34, 58, 72, 79, 1, 9, 64, 31, 21, 61, 52, 23, 36, 34, 41, 25, 29, 77, 78, 36, 14, 57, 3, 57, 43, 1, 8, 26, 33, 34, 59, 66, 67, 26, 66, 67, 9, 50, 18, 29, 6, 70, 27, 42, 78, 67, 66, 27, 64, 39, 37, 52, 16, 39, 5, 58, 39, 12, 59, 46, 46, 38, 33, 33 },
   { 38, 19, 74, 22, 43, 13, 50, 49, 3, 51, 65, 1, 13, 26, 2, 51, 64, 38, 78, 55, 51, 3, 33, 64, 68, 12, 30, 34, 24, 62, 41, 37, 55, 36, 58, 73, 23, 3, 42, 25, 29, 2, 79, 41, 2, 55, 67, 65, 67, 65, 40, 38, 42, 48, 22, 30, 34, 51, 39, 33, 9, 54, 69, 63, 64, 22, 56, 7, 24, 72, 6, 52, 48, 5, 68, 49, 59, 55, 10, 21 },
   { 15, 49, 58, 56, 71, 54, 60, 1, 26, 19, 33, 9, 73, 76, 71, 32, 72, 23, 39, 16, 69, 44, 43, 13, 24, 6, 61, 57, 35, 70, 78, 49, 15, 56, 79, 60, 31, 34, 60, 31, 53, 67, 39, 21, 63, 5, 52, 55, 2, 65, 46, 46, 30, 63, 58, 53, 43, 14, 30, 77, 5, 3, 21, 73, 59, 74, 53, 64, 28, 9, 69, 1, 75, 3, 75, 34, 61, 23, 63, 38 },
   { 8, 29, 4, 12, 66, 36, 64, 29, 49, 69, 26, 28, 71, 21, 75, 25, 15, 24, 63, 43, 32, 52, 18, 27, 29, 14, 35, 65, 11, 19, 23, 18, 22, 1, 30, 9, 36, 68, 12, 59, 57, 38, 62, 24, 33, 57, 48, 48, 55, 7, 11, 7, 58, 3, 9, 62, 16, 43, 47, 1, 61, 69, 19, 58, 44, 23, 66, 54, 65, 77, 33, 18, 10, 69, 41, 43, 22, 63, 65, 76 },
   { 69, 75, 4, 23, 77, 66, 5, 68, 4, 26, 68, 40, 69, 61, 18, 33, 58, 4, 7, 44, 55, 14, 36, 65, 4, 76, 3, 25, 34, 67, 75, 24, 37, 53, 21, 9, 39, 79, 76, 43, 25, 40, 3, 14, 75, 20, 46, 29, 77, 27, 47, 52, 40, 3, 12, 43, 53, 68, 42, 7, 55, 38, 30, 66, 11, 50, 75, 25, 49, 46, 42, 48, 60, 44, 61, 56, 38, 2, 59, 10 },
   { 3, 26, 36, 43, 3, 48, 60, 55, 11, 77, 61, 41, 35, 66, 27, 20, 36, 22, 44, 60, 68, 6, 3, 48, 24, 64, 78, 36, 40, 57, 45, 43, 57, 56, 60, 59, 78, 15, 34, 9, 12, 70, 49, 21, 56, 76, 41, 66, 72, 59, 46, 60, 40, 24, 4, 38, 62, 56, 49, 22, 9, 68, 39, 65, 44, 73, 20, 42, 9, 28, 26, 74, 18, 74, 16, 48, 45, 31, 35, 38 }
};
